Generating an array of random numbers...
Success! (14603 ms)
355364  353128  355964  355464  354984  356364  354600  356452  355648  355796  354516  354712  356616  354388      356796  353764  355004  356752  356688  356772  353992  355976  355656  356800  355256  355220  356488      354204  355728  354316  355208  355428  354256  356452  354152  354088  355416  356332  356536  356032      355180  354860  355816  355148  355804  356828  356052  355704  352416  355972  353904  355120  357120      353660  356404  356212  355308  355420  354964  354620  355980  356456  354820  356455  355848  354024      356160  356012  356144  354956  355256  356092  354604  356468  354212
356224  354116  354520  354408  355288  355096  356616  355484  356416  355316  354432  356800  355064  355120      355984  355728  356392  357132  355368  354824  355640  356240  356860  357020  354728  356832  356652      356496  356584  353872  356760  356732  356368  354912  356064  355800  355564  353928  355424  356744      357428  356640  355960  352904  356832  355664  355496  354168  356860  355620  356132  354580  355860      355208  355924  354952  355592  354240  355532  355104  357756  354740  356436  355312  355424  355620      355372  356364  355748  356284  355460  354724  355840  354468  355928
353688  354028  354752  355948  356412  354608  355792  356296  354104  356220  355792  355352  357312  355576      354700  355316  356020  356388  354876  354312  355636  357008  356100  354860  355080  355384  356104      356668  355360  355496  354668  356472  356588  354292  356668  357444  355512  355900  355580  356584      356000  355396  353104  354376  357556  355060  355048  353736  357448  356432  356172  356348  354248      356216  355964  354540  355104  353780  355888  355260  357740  354272  356276  355456  357076  354692      354704  357412  355092  355300  355968  354992  356440  354832  355664
354328  356092  356492  355284  355352  356716  355544  354584  356312  354380  356112  358476  356248  356768      353928  355752  356168  355236  352884  355020  356392  356328  356312  354036  356336  355296  357044      355500  352796  355888  354704  355960  355896  355568  356652  354932  357992  354240  353800  354684      357360  354464  353964  354360  354716  355556  354744  355152  356456  357096  356532  353752  357376      356400  354968  355868  353868  356084  355488  357292  356076  354908  355596  355328  357404  353500      357324  356324  356164  355244  354916  356128  357940  354452  355644
355652  355776  355540  355756  354980  355268  354104  355996  355120  355640  355240  356400  355784  355276      355396  355088  356784  355312  354128  355504  355252  356024  355292  354748  356428  357264  355596      353932  356148  355428  355356  355756  355400  356868  357136  355716  354756  352940  355972  356860      356248  355416  355456  356548  356872  356132  355240  356040  354548  354964  355828  355184  354476      356556  354192  355960  356792  355420  354420  356484  354164  356380  356072  355432  355996  354532      357232  356040  356800  356692  356064  357152  356464  354984  354164
354988  355312  355048  356280  355784  355404  356572  355784  353908  355740  355884  354604  355100  354584      356916  356076  355552  355780  355588  354248  356504  356192  355676  353428  356084  356856  356940      354768  356696  355280  355644  356412  354996  354384  354568  355564  354388  356624  355948  357100      356248  355016  356020  355332  355676  356648  353284  355404  356752  356292  355220  356620  354808      353976  355196  353860  354300  354960  356716  355612  353976  354852  355328  356208  355944  355016      355540  356724  355284  353588  356936  356828  355008  356520  356188
354980  356048  355128  354644  355696  355688  355172  356076  355400  355280  355088  356444  355504  355332      355312  355320  355272  355016  355100  354060  357040  354728  355900  354940  356208  356012  354964      354840  355384  355648  355968  354484  356992  356756  355440  355888  354020  356040  356652  356100      355492  355700  356076  356272  356392  353752  356052  355732  355412  355776  354308  356312  354464      355112  355288  354888  355992  355480  356888  353268  355052  356572  356660  357504  356076  353872      356020  355476  354784  355940  356036  356992  354540  355220  356136
354648  355280  354720  354580  354220  355364  355412  355140  356580  355984  356456  356284  354300  356268      355400  355584  356196  354148  355828  354360  355828  355572  355148  355196  355964  354304  353804      357076  356204  355012  355964  353660  355228  356212  355060  355732  356588  356636  356048  354600      354728  356868  356488  356556  356408  354268  357036  356424  356184  354032  356616  356192  354636      353884  355180  356496  356732  358072  355912  353880  355192  357044  355040  356096  356700  355696      354212  355232  355036  354680  356020  356404  355384  355580  356312
355936  355824  354556  357004  355204  354800  357040  354480  356748  354812  355328  355712  358144  356400      356388  356052  353844  356224  355296  356124  355980  354552  355560  355172  356104  354712  356700      354968  355080  356372  354344  354832  356896  355844  357352  355532  357300  354544  356160  355312      354768  356184  354900  355764  355892  355844  354176  356000  355952  354716  356120  356032  355288      356204  355532  355664  357008  356468  354248  356396  353728  354591  354656  354116  355196  355372      355860  354572  353660  354624  356572  356780  355164  355004  354740
357272  356740  354824  356568  356008  356412  352836  354812  355740  355172  355620  354264  354644  356468      356128  355768  353920  355140  354084  356800  357968  356048  355216  355324  355204  353980  356224      355220  356032  355480  353480  356200  355344  355764  355220  357324  355540  355236  355668  353156      355484  355480  355316  354840  354372  356064  355952  355020  355364  355580  355940  355568  353992      354080  356716  355540  355664  355952  354864  357024  357312  355600  357720  354352  354552  355648      355976  354420  356008  356264  355532  356376  353304  357200  356012
356732  354296  354668  355888  355844  355172  355296  357728  355216  356172  354956  354132  353992  356432      357132  353968  356732  355620  355832  356808  354984  355016  356876  356160  355904  354916  358008      355496  354764  354472  355256  355436  355128  354244  353428  357188  354480  355680  356988  353452      354748  356024  355280  356368  354772  356048  356480  357912  353240  355752  357544  355800  355796      356408  356708  355724  356492  356768  354736  355824  355740  355060  355676  355856  356644  354360      357600  354792  356668  354300  356540  355924  356700  354996  357104
355568  354128  356052  355896  355956  355164  356024  354128  356244  356972  354596  355552  355736  354316      354552  354912  356424  357664  355044  355700  356412  355984  356640  357420  354328  354268  354364      355360  356764  353140  356532  355220  354212  354956  355076  355392  355796  355232  355152  356788      356244  354016  355404  353892  357188  355004  354400  354432  353960  356544  354792  355956  354660      356052  356172  354268  356492  355476  355612  355228  356360  356152  353024  355192  356088  356536      356152  356468  355628  355644  354752  354020  354620  354916  355716
355408  356032  354852  357072  355096  354836  357288  354520  355236  355420  355072  356340  354932  356228      356960  355224  355236  355644  356136  355456  354216  354696  357400  356552  355528  355540  356076      356580  355008  356540  355204  355244  355348  353536  356148  355224  355292  357044  354308  356196      355220  354536  356040  354784  354964  357400  355440  355068  354320  355456  355996  354968  354652      356608  356568  357088  355604  354428  354028  355996  355400  356144  356364  355324  355816  355660      354748  355972  355672  355072  355896  355824  355276  355512  355852
355120  356968  356544  354848  355692  354200  356744  354536  356760  354792  356968  354556  354792  355648      355616  355272  355556  356428  355736  354980  356396  355296  355924  353024  355636  354624  356044      354792  355768  354124  355056  355480  355016  353356  356412  356260  356364  355508  356752  355672      356520  355028  355580  356392  355396  356164  354452  354992  355276  355856  354940  355308  354096      354888  354948  355340  355296  354392  355668  356480  355912  354692  355320  355852  356604  354916      356196  355312  356204  355864  354084  356352  353236  356408  354840
355044  356620  354180  356808  356180  355504  353608  355588  355700  355224  355668  356792  354848  355852      356824  356092  356724  356920  356380  355948  356224  355804  356376  354624  353988  355268  357236      355244  354340  355452  355772  354688  354276  355920  355844  354920  356152  355592  355640  355916      355692  355468  353168  355188  355172  354820  352632  355188  357412  357060  355660  354540  357268      355256  354996  356224  352868  354800  356212  355356  356868  354944  354596  357076  356396  354604      355024  356372  356464  354356  353856  354892  356664  356624  356160
355228  355476  356316  355972  353952  355536  355404  354660  355384  355640  354572  354804  354848  354044      354808  357336  355796  356800  355332  355632  354264  356836  355124  354628  357072  356084  355380      354364  354956  355908  355860  354564  354700  356600  355440  356748  354548  354580  355060  355448      355948  352048  355636  356268  356120  355320  355228  354188  355408  355600  356380  353948  354952      356352  357180  354392  355992  355924  355496  357428  354564  356160  355004  355708  354592  354836      355432  355048  355188  354708  356704  354628  356764  355692  354996
354608  356676  355732  352620  355660  355915  356160  354548  354304  355464  355584  353764  355480  353668      356640  354176  356696  355544  355704  356152  355308  355660  355344  356232  354624  355992  356888      352964  354868  355540  354920  355284  355328  355084  355120  355444  353764  356536  356568  357144      356616  354716  355264  357444  355056  355912  356212  354324  354128  355404  355928  356356  355372      357308  354764  354472  356172  355488  356048  356172  354416  357244  356788  356772  353744  357248      356528  355412  356080  353736  356308  356680  355676  356400  354460
354316  356592  355888  353672  356228  356152  355360  356136  356088  356316  355956  356652  354876  357764      356544  356020  355688  353556  355276  355416  355944  354084  354324  354292  355704  355232  354124      355740  356000  355784  356560  355108  355736  355736  357460  355652  355420  358008  355324  355620      353100  355772  356276  355672  355316  353692  355644  356908  355680  354148  354464  355712  356372      353692  353740  358460  357212  354260  355880  354184  357964  355204  354928  355732  355296  355656      355440  355776  356276  356232  355364  356420  353816  353056  355628
355720  357104  357520  356856  357532  355344  355532  355208  354724  354888  356756  355008  352812  356116      355724  355160  355504  354832  354608  356928  355356  353832  355800  357728  356272  356708  354688      356596  355056  355436  355692  357208  356200  355032  355632  354136  355984  355408  355472  355572      355500  355752  356484  355596  354768  354160  354224  354944  353820  355480  356824  356132  356376      355540  354392  356576  354112  356024  355936  353244  356884  357208  356924  353076  355964  356468      355204  355560  353996  355812  355048  354472  355048  355500  356540
355884  355156  353392  356776  355876  354628  356592  354572  356112  355700  353704  355876  355936  355292      356588  356452  353264  355116  356040  354576  356628  354768  355944  355956  356932  355704  356596      356532  355616  356344  355716  355740  354784  355592  355928  353848  355668  356064  356924  355396      355288  356236  355924  356092  354344  357076  356148  355732  355060  354308  354724  355764  355164      356352  355484  354016  354996  356536  354844  354864  356112  356092  356476  354316  356304  356328      355600  355952  357060  354784  354676  356392  356512  357348  354892
355580  356300  356324  357040  356124  355436  354300  356688  354336  356044  357304  355192  355172  355336      354680  356432  351892  355140  354896  356104  355188  355572  356612  355516  356036  354196  355416      355904  357800  356284  353248  355620  357056  355316  355084  355528  354424  354780  356608  354660      356908  355332  355848  356016  354624  354756  355764  356232  356908  354688  356556  355232  355892      355320  355100  356132  356376  354012  354348  356328  354224  354476  355820  356360  356900  355992      356476  355260  355888  355492  355828  356492  352852  355148  356260
355400  354864  355764  356316  357016  356640  354320  356656  355916  355884  354696  356148  354840  356812      355456  354160  355816  354800  355328  356220  353492  355020  356416  357064  355236  355044  354904      356500  355712  354296  356116  356820  354832  354832  353724  356180  355168  359136  354860  354368      355744  355732  357496  353828  356884  355376  356120  355776  355588  355284  355084  355928  356832      353924  356388  356384  356656  355768  356048  356604  355512  356624  354992  358012  356072  355880      355408  352708  356652  354468  355448  355228  356052  354828  355052
355388  355436  355936  356968  355756  353528  357296  355492  356324  356388  353536  355000  355068  357176      356648  353124  355620  355032  356108  356036  355944  355188  356168  355272  354696  355464  355300      356392  354900  354288  356660  355208  356328  355760  355840  355028  356956  355492  353788  354592      355484  356464  355960  355420  355576  355080  355384  355836  355200  355864  355796  357668  354756      356028  355532  355276  355172  354672  357076  356284  355868  357188  353808  354948  353944  356564      355764  356432  356172  357980  355472  354612  354816  356256  356328
353964  354880  357248  355616  355476  355900  355624  356564  356988  356164  354824  354292  355672  355536      354108  354508  356568  355016  355472  355600  356484  356700  355408  355348  354412  354984  355700      358556  353080  356148  355084  355768  355136  355144  355504  356632  356708  356604  354904  356888      355632  356144  354768  355236  355340  355528  356280  355688  356096  354312  356224  355512  354084      354940  357112  354884  355960  355856  355428  355852  355136  354908  356664  357224  354992  354320      355084  356524  357492  355512  355796  355384  356324  356036  355700
355416  356604  355616  355440  356272  356544  355432  355572  354120  354336  355284  354600  354952  356028      355340  353868  355852  355904  355196  356628  353932  354608  356144  354664  356420  355592  356340      353396  353956  356556  355608  355704  357384  355608  355044  355292  355716  353988  356376  356252      358008  354944  355168  353516  357868  355264  354192  354160  356632  356964  356544  355236  354212      355844  356684  355332  353116  355788  356388  354912  356068  355748  354436  355684  355372  357264      355540  356308  355432  356084  355460  353616  356720  356948  354148
356768  355404  356188  355012  353856  355984  354936  357480  355312  356024  355452  355752  356820  355676      354044  354972  356880  355832  354036  354272  354880  355568  356868  354384  355860  356300  356240      356348  357040  353780  355376  354832  354212  355032  354816  355356  354544  355824  355716  355912      355360  355344  356492  355856  354864  356780  353780  354536  356500  354300  354976  354032  356104      355116  355684  355168  355024  357524  355300  355464  354764  356588  357208  356176  355208  352780      357244  356380  356028  355060  355808  356088  355872  355724  353056
354136  355324  355048  356456  355028  355176  356732  356548  355112  356888  355888  355544  355536  353228      355724  355280  355940  354924  354888  354912  355476  355512  353880  356008  355876  355688  354232      353120  354524  356544  355612  355120  354536  355300  356284  357476  357584  355868  355744  355356      356928  354911  356656  355984  356964  356344  355596  356776  357268  357448  355412  356884  355200      354436  355700  353388  355312  355912  355464  356048  354508  356012  355580  356964  355196  353968      355920  356616  355684  354512  355644  354960  357088  355420  353804
356308  355332  356468  354684  355364  356752  354728  355036  354948  356516  355704  355840  356120  355084      356252  357620  355936  354024  355084  355740  355768  356072  354316  355320  355376  356548  355396      354844  355320  356668  357180  354844  356000  356316  357048  355600  353988  355172  354952  355076      356144  353716  355236  356760  356140  353700  355480  356104  354916  356328  354696  355108  354928      353436  355864  353824  357096  356776  355520  354724  357280  355260  355416  355224  354484  355168      354764  355276  354496  354748  356696  355204  354488  354604  355508
357600  355972  355092  354740  355608  355216  356140  357212  356088  355984  355428  356988  353620  356576      354844  356516  355532  354340  356336  355940  356488  356692  355000  354596  357088  355748  353172      355432  356400  355368  355332  354864  355296  355032  356264  354932  354880  357312  354916  356156      354256  356984  355808  355528  356996  352824  354604  355888  354472  356180  355208  354780  355456      355372  355024  355796  356112  357008  355668  353780  356112  356752  356152  354463  355380  355436      355500  355620  355268  355288  355896  354456  354356  354752  355712
355632  356528  355548  355564  355732  356564  354404  354180  355296  354336  355376  356600  352852  355292      354592  356136  355008  355320  355336  355776  355412  354808  356120  357120  356704  355648  353884      355376  355316  356556  355852  355328  356236  355356  356252  352952  354848  356324  354788  353944      355528  356472  355772  356336  356148  353904  354960  356788  356008  355456  355112  354524  356280      356720  355252  356432  358112  356248  355716  355572  355572  355180  356676  355512  354904  356760      355720  355212  354388  356020  355052  356448  354968  354648  356220
354312  355596  352964  355272  356060  356296  355660  356552  355572  354200  355784  354600  356816  356476      356120  356156  354400  356664  355024  356376  355456  353768  355804  355660  355860  355240  355756      355524  357760  356856  354688  356028  356160  355176  355264  354636  357244  355128  352388  355140      355108  354116  356236  353924  354292  355564  356436  355524  355864  354648  354772  356116  356472      355312  354672  356560  355008  356940  353692  356056  355768  356088  355780  355300  356232  354308      355056  356208  354388  354764  355532  356148  355964  356992  356296
355156  355668  355432  356540  356676  354176  355264  356048  354004  357040  355204  354708  356608  354980      354944  355036  357412  356416  355588  355744  354592  354052  355748  353500  356140  353508  355500      356360  355912  355864  354892  357492  355044  354996  354364  356276  356992  354216  356412  355436      356976  355416  354992  354276  354788  354668  356884  356160  355556  355876  354940  357208  354912      355336  355844  355292  355364  355560  355800  354340  355056  354736  355252  355552  355760  356524      356548  354504  357148  354040  357004  356312  353200  353876  355796
355324  355116  355128  355628  357464  356144  354148  354548  355144  356144  354020  355540  355416  354248      356352  355688  355860  355304  355404  355288  354956  356408  355532  355876  355364  355540  356804      355552  356172  354160  355744  355576  356092  356384  355304  356252  356896  354736  355760  354796      356140  356816  354304  354908  356284  354156  355232  355976  354944  354404  356656  355832  356736      355304  356016  356164  355228  355244  354896  356304  355284  353792  354732  356812  356896  353696      357340  355044  355596  356128  355180  354232  356124  355712  354532
355324  356028  354944  355228  355032  355708  354588  355188  354976  354360  354332  354404  355472  355256      356020  353840  356204  354536  355892  354392  355924  356632  356176  354804  354400  356364  356116      355424  356056  353288  356260  356624  356728  355864  355020  355164  356820  355932  353284  356780      355160  356024  355476  354028  355036  356464  356224  355320  356084  354208  356096  355908  354216      356432  356268  355760  356132  353956  356608  355916  355088  354364  356456  356112  356032  355164      356344  355640  354564  354304  355064  353100  357272  356460  355096
354448  355768  357116  355960  356008  353328  355556  357432  355408  356024  356496  355336  355312  355776      355128  355300  354660  354884  356720  355392  355564  356672  355620  356076  356116  356072  355256      355376  353856  355248  357232  356216  356256  356356  356072  356536  355200  357352  353264  356120      355692  356532  354088  354876  356812  355660  355296  354344  356024  355116  356904  356456  353600      356264  355632  355732  355476  354908  356500  357040  354620  356316  355128  355896  354724  356096      353216  355308  356468  355936  354364  355920  354612  355348  357268
354352  356984  357188  355252  355832  355676  355808  354576  354948  354544  357228  356628  356264  355388      355320  356820  355352  354556  355656  355656  355872  355928  354860  355272  355592  354928  355408      356064  354916  355184  356612  354620  356784  356920  356304  355932  356284  354884  355156  356232      355900  355840  354124  353992  355648  354892  355648  355288  356216  354484  356040  354348  355436      357628  354352  354808  353748  357560  355344  354296  356500  355932  356248  355716  355356  354692      356528  357104  354576  356712  353984  355796  358140  356652  356660
354668  356076  355536  355660  354592  355428  356468  356092  355488  354544  356844  354472  357124  353868      355448  354984  356096  355400  355156  354596  354396  355896  356252  355524  357056  357248  355708      354140  355404  357196  355092  356304  353100  355104  355272  354988  355688  353548  355792  356244      356728  356144  355028  355552  353816  356104  354268  355600  355472  356464  357564  354664  354768      354996  356188  356880  356892  354716  356128  354844  355276  355356  354076  356784  355496  353840      356900  356564  356100  355500  355348  355284  355520  357544  355020
355340  357608  355492  356544  356868  355936  356236  355432  355900  353916  355076  355216  355100  356864      355064  353620  354372  356284  355084  356728  356496  355740  354996  357268  354768  355644  356476      354676  357184  356068  354120  355504  353064  356572  355200  354988  353260  356232  356528  355680      354904  354028  354672  357328  354616  357076  354116  355324  356944  355148  354500  356652  355564      356560  356384  355008  355256  356008  354832  355720  354928  357340  356184  356340  355456  355400      356624  355300  355948  355176  353900  355908  354868  354912  355556
354864  356352  355712  353612  355504  355280  356824  356144  355520  355288  355532  356620  355724  356380      355388  353948  356036  353672  357036  355544  356248  356492  354544  357052  356016  355712  355696      354728  354344  354988  357368  353384  354500  355076  354840  356848  355408  356452  353436  355940      356756  356296  354672  355196  355136  354132  355380  356344  354784  354572  353640  354728  356256      356764  355808  353632  356172  356260  355064  354536  355740  354584  356612  356144  354356  355860      354788  355576  356236  355400  356736  354764  354300  352560  355988
354396  357704  355460  354960  355596  356564  355844  355952  355564  355564  356204  356392  354868  355624      355624  357340  355292  354012  356416  356636  355836  355100  356340  356436  355160  355264  353772      356704  355080  356480  355828  354224  356588  354960  356260  355460  355480  355400  355688  355792      354876  357016  356520  355136  355924  353912  356504  356240  356272  354852  354584  358128  356132      355048  354176  355360  355288  357856  357512  354752  356232  357164  355884  355720  357244  355732      355060  355792  354040  355908  354712  355648  355096  355140  355000
355760  355172  355532  356104  356636  357432  355056  356408  356480  353860  356436  356472  356912  356060      355304  356212  354224  355440  356524  358184  355632  354816  356596  355952  355704  355960  354804      354040  354932  355296  354680  356576  355144  356208  355308  355764  356252  356048  355424  355564      354556  354616  358388  354760  355576  354828  355424  356336  355724  354800  355128  354948  357048      354080  354824  355524  354648  356804  356060  355356  357100  353564  355160  355524  356460  356220      355420  357204  354616  355956  355416  357728  355876  356540  356860
355768  354484  355168  355544  356352  355576  357216  355364  356612  355908  354184  352360  356192  355580      356032  357248  354788  356500  355584  356172  356500  354704  356116  357464  355104  355108  356280      356456  355256  355372  353572  356336  353380  355172  356180  356307  355776  354892  355636  354632      354320  355848  356096  354984  353040  355960  355376  354716  356444  354544  355868  354472  355500      355736  355584  354232  355332  356072  354484  355640  356528  355584  356272  354336  357656  354032      356348  354732  356248  355464  354780  356404  353728  354156  355432
355456  354616  355960  356084  355088  356920  354672  356204  354996  356096  356136  355112  356040  355252      356472  354264  356472  355580  357664  354540  354796  356524  354936  355612  354360  356248  355052      356384  354876  355488  354352  354672  356376  355364  354952  355460  355008  355292  355824  354392      354560  355676  356460  357076  355296  355804  357344  354016  354088  355576  356020  355788  356552      353980  355464  355464  355308  355732  355176  355800  356992  355588  354600  357180  357628  357464      355476  354588  355324  356152  355592  354976  354236  355436  355728
356432  353216  354472  354884  356852  355968  355204  355476  355228  356676  356012  357200  355788  356252      355448  354428  355244  355644  355688  356468  355080  357800  355396  355624  354136  355120  354328      355056  356552  354968  355628  355036  356140  356216  355112  356280  356060  355296  354440  356908      356552  354184  354548  355408  355084  355864  354588  356760  353904  355732  355696  355320  355788      355752  356804  355644  356488  354216  357004  353936  355048  355448  353644  354748  356116  355088      356536  354348  353792  356020  357968  354316  355440  356584  356088
356564  355088  355868  356516  355364  353564  356644  354520  355188  355732  355108  355812  355784  355544      356848  355072  356500  355532  357100  353836  355048  356016  355300  355796  354216  356360  355664      356324  357008  356756  355572  355608  355124  353912  356412  356184  355660  356196  355200  356440      355888  356484  355904  353692  355076  354744  356800  353908  356220  356272  355780  356668  354152      356052  356724  355612  356320  354464  356972  356292  356028  354020  355964  357212  355416  354988      353440  355200  355580  355264  355656  357664  355944  355360  354336
355408  356264  356468  354928  356624  352792  354892  356516  355924  355008  355044  354696  356472  355912      353696  356780  356112  355928  357272  353844  355300  357860  353636  357816  354656  355440  356236      354888  352880  356208  354600  355408  355620  354444  355636  355568  355248  356740  356548  356948      356632  355916  354620  355692  356520  355940  355428  355684  356532  355712  356976  355244  355932      355484  354852  355556  354420  354468  355720  356264  353860  354136  355812  356428  355212  354460      354120  356180  355748  355404  354612  355464  354844  353652  354400
356936  355692  355992  355272  353856  355184  355168  355776  356084  354296  354136  355412  356008  355092      355220  354976  355088  355500  355624  355340  355920  354316  355380  353348  353132  355076  354988      355912  355444  355032  355640  355340  354620  357208  356392  355556  355420  354448  355404  355432      358112  354868  353372  357132  356708  356000  357976  355556  354116  355180  356104  355404  355132      356252  355780  355576  353876  356576  355612  356364  354892  354812  355420  355904  353760  355952      355644  355404  356960  355364  353404  353764  355760  355960  354536
356164  355172  355292  356168  354156  355140  355668  355436  356372  355308  356944  355088  356992  354568      355908  355488  356780  356276  354808  355884  356128  355380  355608  356276  354700  356188  357560      353744  355364  355572  354708  355240  353944  354396  356244  355556  356176  353480  356112  357056      356336  354036  357288  356896  355784  354508  354448  356236  356892  355992  354976  355648  355860      355016  356524  354864  353452  354640  354904  356316  354712  354056  356040  355528  355448  355252      357028  353876  356368  355420  355752  357312  355068  355368  354440
355520  356800  354808  354628  357320  354808  354996  356544  354276  354112  354628  355004  355056  354692      356364  355552  355772  354848  355604  354540  356072  356004  355084  355908  355368  355004  354460      353828  356712  356464  357324  356020  355200  354208  358292  355880  355008  355448  356232  356140      356460  353980  355636  355508  355648  356032  355268  355668  356504  356000  355280  357048  357008      355004  358188  353976  354596  355120  355740  356092  355312  355244  354260  355884  355072  355192      355672  354380  355268  355392  356424  357516  354736  354556  354596
355288  356072  356436  353740  355796  356024  355056  354796  354608  356088  355928  355788  355972  355540      355148  355592  355300  354548  357192  355732  355300  355912  354500  356656  356056  354972  354176      355268  355248  354460  355352  353868  356504  354116  354472  355216  354532  354976  355092  356252      358244  355016  355316  357164  354868  356392  354748  355580  354460  356644  353948  355416  357188      357108  356908  356000  355212  357372  355040  354224  355520  356520  356072  355116  353324  356100      355360  354940  356608  354012  353836  355720  356160  354344  356204
356392  354836  355632  355084  355668  355696  354772  354148  355052  355284  355172  355868  354676  354724      355324  356032  356544  355272  354620  357404  355004  354484  354640  355928  354576  354812  355384      356436  357136  355032  357056  354056  356680  355032  355936  353956  357996  356004  356700  354544      353440  356536  357024  355672  355608  354800  354644  354952  356776  356184  354972  355772  357108      355248  353956  355328  356664  356172  356524  354908  357196  355992  356096  354908  356336  356112      354772  355948  355836  356248  355484  355412  357236  355128  356336
356076  356176  354224  355736  356296  354784  356580  354416  356304  356156  357088  354672  356788  355576      355952  354348  355212  355464  355840  357348  357100  355080  356392  355652  357028  355168  355020      354864  356256  356912  356104  356672  356356  355520  356208  357012  354188  356132  355276  356484      355788  354608  356636  357084  353580  355832  355328  355560  355176  356536  354316  355572  355452      356844  354764  355952  355972  355132  355312  355160  356404  355828  355140  354360  356052  355536      354796  353956  354388  355656  355168  356928  355412  355680  355736
354920  356616  354608  354988  355872  355520  355144  355388  355872  355168  355352  355564  356112  354436      356524  356640  354988  355415  355776  356440  354212  356052  357060  357292  355052  353368  356380      356312  354944  355912  354844  357772  355296  355568  355936  355620  355268  355796  356540  354244      356092  355028  356564  355400  355712  355204  356000  355228  354844  355068  354044  357028  355120      354576  354884  355568  356228  355256  355880  355476  354644  356028  355616  355188  355120  355280      355564  354596  355108  355632  355220  356552  354480  356092  355232
356952  354464  356344  355780  355076  355544  353736  355808  356336  355620  356136  356612  355624  357144      355748  354832  355256  356416  354808  354992  353156  356572  356700  356040  354416  354516  355492      354604  355364  353104  355696  356252  356740  356384  353804  354232  355840  354380  355792  354012      354604  355860  356148  354572  355956  354836  356420  355164  353664  354916  356188  354880  356304      355736  356808  356180  356968  356300  354384  355748  356356  354284  355136  355700  355952  354924      356164  355132  354856  355372  357596  356980  357164  356532  354516
355840  354484  356740  354644  354804  356216  356012  356576  356088  355952  353756  357012  356344  354604      354524  355712  355956  355380  355832  357736  356228  355252  355968  356568  354872  356228  353944      355792  357624  355000  356012  354852  355856  355456  355524  356380  356540  353756  354928  357464      355356  355788  355908  354140  355384  355848  353740  356520  353388  356564  355124  356508  354288      356224  356644  357532  355972  354832  355964  354468  356780  356316  354400  356784  356040  356588      354096  355852  356304  356068  354568  354172  356608  356028  355768
354688  356140  356728  356024  354768  354124  354228  356460  358336  355980  354804  356216  355856  355216      352944  354748  355800  355420  355160  353604  357252  356836  355232  354644  355020  355152  355648      354804  355008  355848  356524  356804  354976  354636  355212  355840  355852  355176  354084  356012      354692  355504  355592  355960  354448  356028  355716  354900  354944  354976  356484  355536  353860      354856  354380  354668  355468  355724  354752  355864  356224  356448  354836  357680  356892  355880      354360  355916  355352  356064  354808  353580  357336  354964  355552
354360  355376  355460  354800  354904  356428  356340  356628  357028  355260  357496  355600  354384  355952      355236  356456  356700  354792  356708  354528  355352  354068  356308  354488  356004  356092  355832      354780  354748  355148  356840  355660  356136  354284  355096  357112  354884  353288  353840  354028      356016  356448  353608  356044  356592  355320  355740  353044  356428  355880  356124  357148  355512      354668  355388  354428  353088  355760  355964  356820  356148  354644  356152  355164  356524  355084      355000  354360  355240  356984  355264  356556  356388  354560  357580
355612  355624  356300  354976  354828  355404  356260  354564  355064  355268  356444  354696  354812  355948      356132  354472  356664  355544  354536  354916  354648  358040  356384  353876  356228  355768  356732      356316  355924  356368  355676  355404  354328  355680  356768  356424  356008  354868  355724  356636      355772  355488  354300  355656  355892  356100  354868  355672  355492  356740  355464  353732  356924      356224  354976  355856  354920  357064  354464  357272  355576  356456  356104  354620  356536  353340      355688  354708  355972  355456  354380  355636  356556  356780  356940
355516  356764  355404  355024  353248  354480  355064  356432  355080  355392  356148  355712  355484  354336      355096  354148  355472  356116  353988  356112  356568  355912  355104  356480  354560  355708  355464      354404  354952  357712  355504  354984  355268  355488  355068  356224  356020  355496  354020  356704      356568  354980  356272  356540  354932  355384  354012  355496  355956  355992  357312  354952  356680      354960  356144  354980  355236  355488  356352  357012  354000  356284  357276  355988  355124  355116      355080  354932  356416  354392  356204  356600  354464  357412  352708
356408  355344  354348  354568  355388  356856  354980  354672  353200  356124  357508  355824  356408  354480      356580  353776  356656  355516  355396  355764  355928  356508  355544  355652  356128  356140  355928      354924  357456  355848  355188  354444  355848  356664  355256  354992  353476  355248  356368  355768      356076  353376  355736  355976  355464  355256  356052  356088  355728  354412  354620  355196  355736      354552  354968  355868  356060  354548  355400  356272  353456  355764  356716  357024  354712  356132      356892  355532  355004  354852  357228  354872  355900  354404  356764
356496  356320  354800  355028  355340  357208  356560  355624  356196  355904  355436  355196  355144  356512      355716  356020  354412  355216  356912  356428  356576  356196  354864  355632  355800  354376  353712      357176  356392  356316  355864  354888  355076  355552  356144  355076  354472  355476  355736  357672      355760  354592  356672  355376  355744  356012  357028  355312  356288  356344  354932  356748  355164      355868  353620  355192  354616  355080  356788  355572  354756  356472  355980  357336  352876  356256      355176  356244  356116  354552  354996  356572  356768  354240  356360
354188  356280  354736  355316  354892  355976  355212  354348  356968  356196  357160  355952  354600  354888      355880  356200  355460  356668  356348  356712  356292  354424  356656  356276  357056  356868  354628      355316  355268  356100  353952  355812  357564  355648  356244  354888  356476  356540  354644  355212      353524  356788  356028  355220  356960  355980  355980  355640  355948  353572  355652  355812  356328      356660  354964  353320  356744  355528  354864  354016  355596  355444  356016  354360  355751  355036      356856  355716  355216  354308  355172  355728  355748  353488  355496
355116  356276  355596  356908  355812  356432  356248  354604  354856  355444  357040  354356  356012  356308      355852  355944  354300  354624  353772  355240  356376  354660  354980  356968  355352  354484  355224      356464  356100  356680  354372  355156  356764  356764  355392  354712  355408  356512  355048  355368      356076  355648  357632  355024  353720  356612  355448  356284  356852  354464  355948  357976  357116      356632  355960  355768  355872  356400  353416  356396  354936  354832  355568  353880  356724  355780      354260  354564  356920  355660  355180  355576  355132  354932  354884
354764  354344  356088  356660  355644  357300  354468  355808  356404  356340  357916  355848  355772  357088      356436  357056  355532  355484  356608  357200  353236  356964  355308  356372  357244  355076  355624      356464  356284  356152  354500  354320  356104  355176  352904  356420  355580  355856  357164  355252      357272  354420  356064  355796  353360  356848  354999  356336  355168  355804  354948  355008  355768      355664  356452  356264  354808  356180  354312  354824  357096  356624  356576  355428  355948  355244      355240  355464  355980  354652  355132  355856  354192  356016  356632
355444  354816  356120  356452  357076  356628  355964  357040  355972  355972  357280  354920  357632  354160      355292  353756  354004  356396  355572  354692  355192  354812  355676  356864  356324  356080  355740      354932  356152  355988  354500  356656  355208  355284  353940  357236  356860  356160  356268  355368      355992  356308  355760  355512  357436  356724  355364  355852  354276  357264  355560  356840  357556      355360  355876  356952  354932  354740  356660  354352  355699  356056  353456  355956  355316  356144      355624  354708  355604  354904  354916  353332  354856  356148  356192
355600  354964  356584  356152  356744  353696  354344  354936  355968  355736  355156  355284  355432  355624      356020  355168  355028  356540  355196  354384  355208  356128  356168  355400  352912  355116  355456      356664  354324  354796  356180  354964  354772  356804  355456  357176  355524  355588  352364  356428      355848  354528  355412  355184  356708  356296  354620  354796  355212  354396  355796  355760  354548      355404  356252  355496  355356  355200  355292  354912  356512  355272  357460  354260  356944  355820      353848  356192  355692  355952  355472  353060  355172  356036  355180
353704  355956  355168  356572  355068  354612  354836  355452  357308  356080  356108  355372  356752  353644      353320  355540  356076  355804  356228  354028  356280  355552  354908  354360  352636  354748  356588      356212  355424  356484  354884  356572  357196  354748  355036  355076  354828  356072  354144  354120      355736  357544  355696  354996  356124  356080  357136  356128  355280  356684  358056  355340  355140      355456  356200  355384  356392  355512  355832  355904  356136  354928  354996  356828  355804  357028      354452  357016  357440  355188  354820  355264  356372  355292  355476
354700  356732  355060  357684  356908  355864  356500  354960  355552  352768  356168  355344  356128  354672      353668  357332  355120  356324  354820  356152  354392  356272  356716  354044  355856  354876  356276      354596  354172  354748  356664  355100  355576  355220  355160  355600  355976  354644  356436  355436      354880  357008  353860  356396  354600  354220  355236  355216  355532  355087  355296  355524  355308      356468  357256  356096  354156  355144  355632  356204  355400  354164  355776  355212  355608  354040      355072  355196  356356  357668  354676  356516  355124  357116  355376
354204  357148  357396  355672  356072  355872  356448  355608  354924  354428  356484  355128  355680  355268      354576  354712  355552  354532  354864  355808  355888  355712  355460  356372  356988  355364  355780      356200  354140  356476  356124  356412  354896  357444  355852  356220  356828  355200  355212  356676      356176  356104  355240  356000  357344  355360  354764  355544  354888  355232  354856  354928  354912      355692  356228  354900  353920  356336  356616  355864  354476  355600  355788  356348  356100  356060      356016  355616  355624  357416  354424  355920  357196  355572  353848
355692  355432  356080  355884  355220  355888  355872  356884  352700  355564  356176  355756  355164  354044      355552  355388  355364  355916  354436  355212  354816  355364  353196  354784  355572  358072  355240      354080  355368  354656  355860  355880  353748  356160  355792  355000  353696  356424  354136  356544      355988  353748  354600  356524  355088  355488  353688  355720  357888  355512  355296  355224  354888      356276  356020  354568  357844  353312  356276  356420  353692  356008  355148  356100  356944  354444      355816  353600  357560  354624  355956  356016  355384  355704  353244
355892  356264  355208  355452  354592  355212  356912  354888  355336  356556  356488  356016  355296  354812      355108  354576  353784  354640  355664  354276  355348  356324  354608  355112  355340  355324  355992      354816  356840  355108  356596  354260  354832  353148  356708  355996  352904  355732  356472  356248      356120  354788  356044  356516  356916  353100  356492  356232  354952  355772  354572  354808  353720      356408  356104  354800  356948  356504  353248  355960  357484  355696  354936  355244  355076  355492      356032  354996  355348  353676  355856  356056  356480  356092  356204
356876  355908  357052  355128  354344  356740  357616  354624  355896  356220  355856  353516  354044  355208      354816  355784  355116  355688  356520  356628  355612  354756  356164  355232  356428  356324  354388      355396  354564  356552  356676  354928  355968  355812  357280  356360  357396  356744  355984  354908      353876  355604  355980  356324  356552  353904  355016  354764  356980  355036  355528  356568  354540      355076  355208  355668  354420  355000  356432  355604  356792  355824  356208  357056  355824  355816      356044  355880  354360  355188  355540  357616  355500  353220  354928
356708  355980  356168  355824  356320  355504  354396  353996  354908  355276  356120  354788  354476  354476      355392  355060  355200  355940  356768  357108  356156  352332  356316  356748  356344  357556  354036      356792  356172  354924  353192  354156  356024  354576  356196  353976  356172  356844  355548  357696      353384  355612  355784  356516  356804  356844  355592  356092  354152  353800  355764  355720  355808      356752  353656  354556  356196  355508  355436  355928  355720  354432  356528  355608  354540  356724      354224  355792  355336  355892  355480  354592  355416  357028  355704
355688  356692  355456  355368  356676  353180  355916  356084  355556  355008  353732  353392  355692  355100      356744  356444  354352  356476  356356  357240  356508  356020  354392  356536  355696  353904  356384      355188  355620  355924  354364  355148  356680  356228  357392  354452  353656  356484  356312  354144      355616  354684  355708  355076  355312  356628  354700  357568  356656  353536  356452  356016  356604      353100  354936  355200  356296  356508  354568  354052  355568  355824  355312  354292  354536  356932      355216  356208  355164  353880  354880  354444  356252  355932  356268
355092  353272  354300  356048  355148  356064  355116  354700  355644  356040  356784  352740  356512  356208      355352  355372  356028  356628  354900  354316  353536  356428  354232  354512  354764  354252  357124      357268  355240  354760  355404  356192  354488  355028  354820  355328  354296  353936  354836  355852      355624  357316  354364  354904  355868  355812  355820  355788  353992  355348  356512  356416  355008      354924  357728  356724  354268  356252  354108  355360  357500  356388  354324  355844  357616  356288      357676  355044  356304  355376  356580  356556  354524  355016  355748
Min: 351892 Max: 359136
Finished. Map size: 75